 24
169
 62
 35
249
205
184
106
123
103
 33
110
245
 28
 15
242
160
130
252
 54
218
172
 40
182
233
173
112
  1
 70
 12
147
206
126
 19
155
246
220
128
253
236
  0
 42
 68
232
 92
 79
 59
102
 76
231
136
143
215
200
 14
 89
 82
167
210
105
 26
208
 41
163
122
180
230
 21
 11
175
190
117
  2
 53
188
145
195
213
223
234
 80
161
 57
164
  3
107
137
159
146
  6
222
254
 67
 50
156
162
 20
 99
 10
  5
 18
240
 31
166
 84
131
177
199
 44
 22
 60
247
119
129
109
181
 56
248
 58
 17
238
212
217
202
250
165
 71
 88
 27
 87
 39
133
201
 74
148
141
 46
 86
 96
118
 13
196
235
 91
226
111
101
 63
149
187
 73
174
  7
 95
239
 16
 66
 37
 85
104
178
  9
150
158
203
116
176
 36
224
 55
 38
135
113
216
183
  4
221
 48
142
121
227
207
 93
 75
171
255
 49
251
 23
211
138
243
100
140
186
108
244
132
 97
 52
193
 72
144
124
204
 69
228
 64
168
 90
225
198
127
 77
 34
229
115
185
139
 32
219
 83
120
 45
197
209
125
214
153
114
191
 30
 94
134
 65
 25
 43
152
 81
192
194
241
 51
 78
 47
  8
179
237
157
151
170
 61
154
189
 98
 29